78 
85 
92 
97 
101 
116 
120 
125 
131 
144 
146 
159 
166 
172 
175 
183 
190 
198 
202 
213 
219 
224 
238 
240 
249 
256 
263 
274 
274 
284 
295 
297 
309 
316 
322 
326 
336 
344 
352 
357 
366 
372 
375 
382 
392 
397 
406 
415 
425 
431 
426 
433 
442 
446 
452 
458 
468 
472 
477 
485 
493 
496 
505 
513 
520 
527 
535 
540 
542 
548 
560 
562 
567 
575 
578 
591 
597 
603 
606 
611 
620 
627 
628 
642 
643 
648 
658 
666 
668 
676 
678 
690 
697 
701 
707 
715 
720 
723 
728 
738 
