365 
393 
419 
450 
478 
509 
533 
565 
597 
625 
656 
682 
706 
738 
765 
794 
826 
850 
884 
908 
942 
967 
999 
1025 
1057 
1083 
1115 
1143 
1169 
1201 
1231 
1260 
1286 
1318 
1342 
1372 
1402 
1432 
1456 
1491 
1513 
1546 
1576 
1602 
1628 
1658 
1685 
1720 
1743 
1777 
1763 
1790 
1816 
1845 
1871 
1898 
1923 
1947 
1976 
2001 
2030 
2056 
2083 
2103 
2128 
2160 
2183 
2212 
2237 
2373 
2401 
2427 
2453 
2480 
2506 
2536 
2555 
2582 
2612 
2765 
2793 
2818 
2843 
2873 
2903 
2927 
2953 
2980 
3013 
3122 
3148 
3181 
3205 
3235 
3263 
3292 
3320 
3343 
3372 
3403 
